50, 1, 0.004213
50, 2, 0.012561
50, 3, 0.015381
50, 4, 0.020302
50, 5, 0.021642
100, 1, 0.024371
100, 2, 0.024450
100, 3, 0.035936
100, 4, 0.050383
100, 5, 0.050001
150, 1, 0.042140
150, 2, 0.040346
150, 3, 0.048183
150, 4, 0.057658
150, 5, 0.075523
200, 1, 0.064701
200, 2, 0.060982
200, 3, 0.069667
200, 4, 0.074362
200, 5, 0.091789
250, 1, 0.088727
250, 2, 0.081217
250, 3, 0.089081
250, 4, 0.090157
250, 5, 0.113162
300, 1, 0.114863
300, 2, 0.103742
300, 3, 0.110849
300, 4, 0.113547
300, 5, 0.154474
350, 1, 0.149980
350, 2, 0.123686
350, 3, 0.132131
350, 4, 0.147121
350, 5, 0.171571
400, 1, 0.191322
400, 2, 0.156039
400, 3, 0.159146
400, 4, 0.164332
400, 5, 0.204095
450, 1, 0.247981
450, 2, 0.188722
450, 3, 0.185002
450, 4, 0.195693
450, 5, 0.242530
500, 1, 0.301910
500, 2, 0.223294
500, 3, 0.223724
500, 4, 0.232091
500, 5, 0.272738
550, 1, 0.391204
550, 2, 0.274976
550, 3, 0.257634
550, 4, 0.259759
550, 5, 0.310315
600, 1, 0.457683
600, 2, 0.327741
600, 3, 0.297615
600, 4, 0.291052
600, 5, 0.352525
650, 1, 0.541127
650, 2, 0.375331
650, 3, 0.344529
650, 4, 0.330847
650, 5, 0.384487
700, 1, 0.677098
700, 2, 0.435386
700, 3, 0.397383
700, 4, 0.390064
700, 5, 0.428726
750, 1, 0.782658
750, 2, 0.519363
750, 3, 0.446964
750, 4, 0.450664
750, 5, 0.493344
800, 1, 0.923444
800, 2, 0.595802
800, 3, 0.556605
800, 4, 0.511460
800, 5, 0.541440
850, 1, 1.158175
850, 2, 0.743759
850, 3, 0.599576
850, 4, 0.582080
850, 5, 0.647806
900, 1, 1.272642
900, 2, 0.818450
900, 3, 0.672712
900, 4, 0.641973
900, 5, 0.693583
950, 1, 1.466968
950, 2, 0.956387
950, 3, 0.792140
950, 4, 0.736472
950, 5, 0.787800
1000, 1, 1.687477
1000, 2, 1.053075
1000, 3, 0.884244
1000, 4, 0.862300
1000, 5, 1.089189
